
1
51
7147

                                ZAJC Timi                            
2000





SLO


220.0
207.5
233.5
222.6
430.1
430.1

2
55
5142

                                KUBACKI Dawid                            
1990





POL


221.5
209.1
218.0
215.7
424.8
-5.3

3
49
5253

                                EISENBICHLER Markus                            
1991





GER


224.5
207.1
222.5
216.2
423.3
-6.8

4
56
4325

                                ZYLA Piotr                            
1987





POL


236.0
215.7
207.5
206.1
421.8
-8.3

5
57
4321

                                STOCH Kamil                            
1987





POL


233.0
225.9
197.0
194.6
420.5
-9.6

6
58
5497

                                KRAFT Stefan                            
1993





AUT


222.5
210.9
202.0
199.0
409.9
-20.2

7
52
6100

                                FORFANG Johann Andre                            
1995





NOR


222.5
210.4
198.5
197.8
408.2
-21.9

8
46
6880

                                GRANERUD Halvor Egner                            
1996





NOR


220.0
199.4
206.5
198.7
398.1
-32.0

9
45
5945

                                HUBER Daniel                            
1993





AUT


221.0
200.9
203.0
197.1
398.0
-32.1

10
20
6098

                                TANDE Daniel Andre                            
1994





NOR


201.0
181.3
223.0
212.5
393.8
-36.3

11
54
5262

                                LEYHE Stephan                            
1992





GER


198.5
181.0
211.0
205.1
386.1
-44.0

12
48
4801

                                KOUDELKA Roman                            
1989





CZE


214.5
195.9
201.0
190.1
386.0
-44.1

13
44
6696

                                WELLINGER Andreas                            
1995





GER


209.0
189.8
210.5
196.1
385.9
-44.2

14
59
6288

                                KOBAYASHI Ryoyu                            
1996





JPN


205.5
191.1
210.0
194.4
385.5
-44.6

15
23
6084

                                ASCHENWALD Philipp                            
1995





AUT


202.5
185.2
209.0
199.4
384.6
-45.5

16
50
5567

                                GEIGER Karl                            
1993





GER


209.5
188.7
208.0
194.7
383.4
-46.7

17
53
5589

                                JOHANSSON Robert                            
1990





NOR


197.0
179.0
213.0
203.8
382.8
-47.3

18
42
5174

                                STJERNEN Andreas                            
1988





NOR


204.0
188.1
205.5
194.5
382.6
-47.5

19
31
5626

                                SEMENIC Anze                            
1993





SLO


199.5
178.9
221.5
201.3
380.2
-49.9

20
41
7091

                                PREVC Domen                            
1999





SLO


194.5
176.5
213.0
200.2
376.7
-53.4

21
37
5451

                                KOBAYASHI Junshiro                            
1991





JPN


205.5
182.1
208.0
192.2
374.3
-55.8

22
36
5564

                                FREITAG Richard                            
1991





GER


203.5
182.7
205.5
191.5
374.2
-55.9

23
47
6645

                                KLIMOV Evgeniy                            
1994





RUS


203.0
179.7
200.0
186.8
366.5
-63.6

24
38
6437

                                LANISEK Anze                            
1996





SLO


200.5
177.7
207.5
186.7
364.4
-65.7

25
33
6165

                                WOLNY Jakub                            
1995





POL


223.0
202.0
180.5
162.0
364.0
-66.1

26
32
5972

                                FANNEMEL Anders                            
1991





NOR


205.5
182.8
196.5
179.7
362.5
-67.6

27
43
6235

                                PEIER Killian                            
1995





SUI


198.0
176.0
186.0
167.1
343.1
-87.0

28
3
6883

                                VANCURA Tomas                            
1996





CZE


204.0
180.8
179.0
160.1
340.9
-89.2

29
25
2022

                                KASAI Noriaki                            
1972





JPN


194.5
175.7
181.0
163.1
338.8
-91.3

30
34
2067

                                AMMANN Simon                            
1981





SUI


207.5
180.9
174.0
155.3
336.2
-93.9

31
24
7196

                                SCHMID Constantin                            
1999





GER


194.0
174.4


174.4
-255.7

32
2
5519

                                WOHLGENANNT Ulrich                            
1994





AUT


197.0
170.4


170.4
-259.7

33
22
5518

                                AIGNER Clemens                            
1993





AUT


188.5
167.3


167.3
-262.8

34
40
6151

                                SATO Yukiya                            
1995





JPN


189.0
166.7


166.7
-263.4

35
17
6483

                                JELAR Ziga                            
1997





SLO


191.5
166.2


166.2
-263.9

36
16
5063

                                KOZISEK Cestmir                            
1991





CZE


191.5
165.0


165.0
-265.1

37
21
6671

                                BICKNER Kevin                            
1996





USA


184.0
162.3


162.3
-267.8

38
28
6392

                                NAKAMURA Naoki                            
1996





JPN


182.0
159.9


159.9
-270.2

39
4
7354

                                NOUSIAINEN Eetu                            
1997





FIN


181.5
149.5


149.5
-280.6

40
39
6996

                                AALTO Antti                            
1995





FIN


179.0
146.4


146.4
-283.7
